0
SECTION
2
OBJECTS
0
DICTIONARY
5
A
330
0
100
AcDbDictionary
281
1
3
ACAD_COLOR
350
B
3
ACAD_GROUP
350
C
3
ACAD_LAYOUT
350
D
3
ACAD_MATERIAL
350
E
3
ACAD_MLEADERSTYLE
350
F
3
ACAD_MLINESTYLE
350
10
3
ACAD_PLOTSETTINGS
350
11
3
ACAD_PLOTSTYLENAME
350
12
3
ACAD_SCALELIST
350
14
3
ACAD_TABLESTYLE
350
15
3
ACAD_VISUALSTYLE
350
16
3
EZDXF_META
350
2D
0
DICTIONARY
5
B
330
A
100
AcDbDictionary
281
1
0
DICTIONARY
5
C
330
A
100
AcDbDictionary
281
1
0
DICTIONARY
5
D
330
A
100
AcDbDictionary
281
1
3
Model
350
1A
3
Layout1
350
1E
0
DICTIONARY
5
E
330
A
100
AcDbDictionary
281
1
3
ByBlock
350
1F
3
ByLayer
350
20
3
Global
350
21
0
DICTIONARY
5
F
330
A
100
AcDbDictionary
281
1
3
Standard
350
2C
0
DICTIONARY
5
10
330
A
100
AcDbDictionary
281
1
3
Standard
350
22
0
DICTIONARY
5
11
330
A
100
AcDbDictionary
281
1
0
ACDBDICTIONARYWDFLT
5
12
330
A
100
AcDbDictionary
281
1
3
Normal
350
13
100
AcDbDictionaryWithDefault
340
13
0
ACDBPLACEHOLDER
5
13
330
12
0
DICTIONARY
5
14
330
A
100
AcDbDictionary
281
1
0
DICTIONARY
5
15
330
A
100
AcDbDictionary
281
1
0
DICTIONARY
5
16
330
A
100
AcDbDictionary
281
1
3
2dWireframe
350
5A
3
Basic
350
5B
3
Brighten
350
5C
3
ColorChange
350
5D
3
Conceptual
350
5E
3
Dim
350
5F
3
EdgeColorOff
350
60
3
Facepattern
350
61
3
Flat
350
62
3
FlatWithEdges
350
63
3
Gouraud
350
64
3
GouraudWithEdges
350
65
3
Hidden
350
66
3
JitterOff
350
67
3
Linepattern
350
68
3
Modeling
350
69
3
OverhangOff
350
6A
3
Realistic
350
6B
3
Shaded
350
6C
3
Shaded with edges
350
6D
3
Shades of Gray
350
6E
3
Sketchy
350
6F
3
Thicken
350
70
3
Wireframe
350
71
3
X-Ray
350
72
0
LAYOUT
5
1A
330
D
100
AcDbPlotSettings
1

4
A3
6

40
7.5
41
20.0
42
7.5
43
20.0
44
420.0
45
297.0
46
0.0
47
0.0
48
0.0
49
0.0
140
0.0
141
0.0
142
1.0
143
1.0
70
1024
72
1
73
0
74
5
7

75
16
76
0
77
2
78
300
147
1.0
148
0.0
149
0.0
100
AcDbLayout
1
Model
70
1
71
0
10
0.0
20
0.0
11
420.0
21
297.0
12
0.0
22
0.0
32
0.0
14
1e+20
24
1e+20
34
1e+20
15
-1e+20
25
-1e+20
35
-1e+20
146
0.0
13
0.0
23
0.0
33
0.0
16
1.0
26
0.0
36
0.0
17
0.0
27
1.0
37
0.0
76
1
330
17
0
LAYOUT
5
1E
330
D
100
AcDbPlotSettings
1

4
A3
6

40
7.5
41
20.0
42
7.5
43
20.0
44
420.0
45
297.0
46
0.0
47
0.0
48
0.0
49
0.0
140
0.0
141
0.0
142
1.0
143
1.0
70
0
72
1
73
0
74
5
7

75
16
76
0
77
2
78
300
147
1.0
148
0.0
149
0.0
100
AcDbLayout
1
Layout1
70
1
71
1
10
0.0
20
0.0
11
420.0
21
297.0
12
0.0
22
0.0
32
0.0
14
1e+20
24
1e+20
34
1e+20
15
-1e+20
25
-1e+20
35
-1e+20
146
0.0
13
0.0
23
0.0
33
0.0
16
1.0
26
0.0
36
0.0
17
0.0
27
1.0
37
0.0
76
1
330
1B
0
MATERIAL
5
1F
102
{ACAD_REACTORS
330
E
102
}
330
E
100
AcDbMaterial
1
ByBlock
2

70
0
40
1.0
71
1
41
1.0
91
-1023410177
42
1.0
72
1
3

73
1
74
1
75
1
44
0.5
73
0
45
1.0
46
1.0
77
1
4

78
1
79
1
170
1
48
1.0
171
1
6

172
1
173
1
174
1
140
1.0
141
1.0
175
1
7

176
1
177
1
178
1
143
1.0
179
1
8

270
1
271
1
272
1
145
1.0
146
1.0
273
1
9

274
1
275
1
276
1
42
1.0
72
1
3

73
1
74
1
75
1
94
63
0
MATERIAL
5
20
102
{ACAD_REACTORS
330
E
102
}
330
E
100
AcDbMaterial
1
ByLayer
2

70
0
40
1.0
71
1
41
1.0
91
-1023410177
42
1.0
72
1
3

73
1
74
1
75
1
44
0.5
73
0
45
1.0
46
1.0
77
1
4

78
1
79
1
170
1
48
1.0
171
1
6

172
1
173
1
174
1
140
1.0
141
1.0
175
1
7

176
1
177
1
178
1
143
1.0
179
1
8

270
1
271
1
272
1
145
1.0
146
1.0
273
1
9

274
1
275
1
276
1
42
1.0
72
1
3

73
1
74
1
75
1
94
63
0
MATERIAL
5
21
102
{ACAD_REACTORS
330
E
102
}
330
E
100
AcDbMaterial
1
Global
2

70
0
40
1.0
71
1
41
1.0
91
-1023410177
42
1.0
72
1
3

73
1
74
1
75
1
44
0.5
73
0
45
1.0
46
1.0
77
1
4

78
1
79
1
170
1
48
1.0
171
1
6

172
1
173
1
174
1
140
1.0
141
1.0
175
1
7

176
1
177
1
178
1
143
1.0
179
1
8

270
1
271
1
272
1
145
1.0
146
1.0
273
1
9

274
1
275
1
276
1
42
1.0
72
1
3

73
1
74
1
75
1
94
63
0
MLINESTYLE
5
22
102
{ACAD_REACTORS
330
10
102
}
330
10
100
AcDbMlineStyle
2
Standard
70
0
3

62
256
51
90.0
52
90.0
71
2
49
0.5
62
256
6
BYLAYER
49
-0.5
62
256
6
BYLAYER
0
MLEADERSTYLE
5
2C
102
{ACAD_REACTORS
330
F
102
}
330
F
100
AcDbMLeaderStyle
179
2
170
2
171
1
172
0
90
2
40
0.0
41
0.0
173
1
91
-1056964608
92
-2
290
1
42
2.0
291
1
43
8.0
3
Standard
44
4.0
300

342
29
174
1
175
1
176
0
178
1
93
-1056964608
45
4.0
292
0
297
0
46
4.0
94
-1056964608
47
1.0
49
1.0
140
1.0
294
1
141
0.0
177
0
142
1.0
295
0
296
0
143
3.75
271
0
272
9
273
9
0
DICTIONARY
5
2D
330
A
100
AcDbDictionary
280
1
281
1
3
CREATED_BY_EZDXF
350
2E
3
WRITTEN_BY_EZDXF
350
8C
0
DICTIONARYVAR
5
2E
330
2D
100
DictionaryVariables
280
0
1
1.4.4 @ 2026-08-04T18:17:40.378174+00:00
0
VISUALSTYLE
5
5A
102
{ACAD_REACTORS
330
16
102
}
330
16
100
AcDbVisualStyle
2
2dWireframe
70
4
177
3
291
0
70
58
90
2
176
1
90
2
176
1
90
0
176
1
90
0
176
1
40
0.6
176
1
40
30.0
176
1
62
7
420
16777215
176
1
90
1
176
1
90
4
176
1
62
7
176
1
62
257
176
1
90
1
176
1
90
1
176
1
40
1.0
176
1
90
8
176
1
62
7
176
1
40
1.0
176
1
90
1
176
1
90
6
176
1
90
2
176
1
62
7
176
1
90
5
176
1
90
0
176
1
90
0
176
1
290
0
176
1
90
1
176
1
40
0.0
176
1
90
0
176
1
290
1
176
1
290
1
176
1
290
0
176
1
290
0
176
1
290
0
176
1
290
0
176
1
290
0
176
1
290
0
176
1
290
0
176
1
90
50
176
1
40
0.0
176
1
40
1.0
176
1
90
0
176
1
62
18
420
0
176
1
90
50
176
1
90
3
176
1
62
5
420
255
176
1
290
0
176
1
90
50
176
1
90
50
176
1
90
50
176
1
290
0
176
1
90
50
176
1
62
256
176
0
40
1.0
176
0
90
2
176
1
1
strokes_ogs.tif
176
1
290
0
176
1
40
1.0
176
1
40
1.0
176
1
0
VISUALSTYLE
5
5B
102
{ACAD_REACTORS
330
16
102
}
330
16
100
AcDbVisualStyle
2
Basic
70
7
177
3
291
1
70
58
90
2
176
1
90
2
176
1
90
0
176
1
90
1
176
1
40
0.6
176
1
40
30.0
176
1
62
7
420
16777215
176
1
90
1
176
1
90
4
176
1
62
7
176
1
62
257
176
1
90
1
176
1
90
1
176
1
40
1.0
176
1
90
8
176
1
62
7
176
1
40
1.0
176
1
90
1
176
1
90
6
176
1
90
2
176
1
62
7
176
1
90
5
176
1
90
0
176
1
90
0
176
1
290
0
176
1
90
1
176
1
40
0.0
176
1
90
0
176
1
290
0
176
1
290
1
176
1
290
1
176
1
290
0
176
1
290
0
176
1
290
0
176
1
290
0
176
1
290
0
176
1
290
0
176
1
90
50
176
1
40
0.0
176
1
40
1.0
176
1
90
0
176
1
62
18
420
0
176
1
90
50
176
1
90
3
176
1
62
5
420
255
176
1
290
0
176
1
90
50
176
1
90
50
176
1
90
50
176
1
290
0
176
1
90
50
176
1
62
256
176
0
40
1.0
176
0
90
2
176
1
1
strokes_ogs.tif
176
1
290
0
176
1
40
1.0
176
1
40
1.0
176
1
0
VISUALSTYLE
5
5C
102
{ACAD_REACTORS
330
16
102
}
330
16
100
AcDbVisualStyle
2
Brighten
70
12
177
3
291
1
70
58
90
2
176
1
90
2
176
1
90
0
176
1
90
2
176
1
40
0.6
176
1
40
30.0
176
1
62
7
420
16777215
176
1
90
1
176
1
90
4
176
1
62
7
176
1
62
257
176
1
90
1
176
1
90
1
176
1
40
1.0
176
1
90
8
176
1
62
7
176
1
40
1.0
176
1
90
1
176
1
90
6
176
1
90
2
176
1
62
7
176
1
90
5
176
1
90
0
176
1
90
0
176
1
290
0
176
1
90
1
176
1
40
0.0
176
1
90
0
176
1
290
0
176
1
290
1
176
1
290
1
176
1
290
0
176
1
290
0
176
1
290
0
176
1
290
0
176
1
290
0
176
1
290
0
176
1
90
50
176
1
40
0.0
176
1
40
1.0
176
1
90
0
176
1
62
18
420
0
176
1
90
50
176
1
90
3
176
1
62
5
420
255
176
1
290
0
176
1
90
50
176
1
90
50
176
1
90
50
176
1
290
0
176
1
90
50
176
1
62
256
176
0
40
1.0
176
0
90
2
176
1
1
strokes_ogs.tif
176
1
290
0
176
1
40
1.0
176
1
40
1.0
176
1
0
VISUALSTYLE
5
5D
102
{ACAD_REACTORS
330
16
102
}
330
16
100
AcDbVisualStyle
2
ColorChange
70
16
177
3
291
1
70
58
90
2
176
1
90
2
176
1
90
0
176
1
90
2
176
1
40
0.6
176
1
40
30.0
176
1
62
7
420
16777215
176
1
90
1
176
1
90
4
176
1
62
7
176
1
62
257
176
1
90
1
176
1
90
1
176
1
40
1.0
176
1
90
8
176
1
62
7
176
1
40
1.0
176
1
90
1
176
1
90
6
176
1
90
2
176
1
62
7
176
1
90
5
176
1
90
0
176
1
90
0
176
1
290
0
176
1
90
1
176
1
40
0.0
176
1
90
0
176
1
290
0
176
1
290
1
176
1
290
1
176
1
290
0
176
1
290
0
176
1
290
0
176
1
290
0
176
1
290
0
176
1
290
0
176
1
90
50
176
1
40
0.0
176
1
40
1.0
176
1
90
0
176
1
62
18
420
0
176
1
90
50
176
1
90
3
176
1
62
5
420
255
176
1
290
0
176
1
90
50
176
1
90
50
176
1
90
50
176
1
290
0
176
1
90
50
176
1
62
256
176
0
40
1.0
176
0
90
2
176
1
1
strokes_ogs.tif
176
1
290
0
176
1
40
1.0
176
1
40
1.0
176
1
0
VISUALSTYLE
5
5E
102
{ACAD_REACTORS
330
16
102
}
330
16
100
AcDbVisualStyle
2
Conceptual
70
9
177
3
291
0
70
58
90
2
176
1
90
2
176
1
90
0
176
1
90
3
176
1
40
0.6
176
1
40
30.0
176
1
62
7
420
16777215
176
1
90
1
176
1
90
4
176
1
62
7
176
1
62
257
176
1
90
1
176
1
90
1
176
1
40
1.0
176
1
90
8
176
1
62
7
176
1
40
1.0
176
1
90
1
176
1
90
6
176
1
90
2
176
1
62
7
176
1
90
5
176
1
90
0
176
1
90
0
176
1
290
0
176
1
90
1
176
1
40
0.0
176
1
90
0
176
1
290
0
176
1
290
1
176
1
290
1
176
1
290
0
176
1
290
0
176
1
290
0
176
1
290
0
176
1
290
0
176
1
290
0
176
1
90
50
176
1
40
0.0
176
1
40
1.0
176
1
90
0
176
1
62
18
420
0
176
1
90
50
176
1
90
3
176
1
62
5
420
255
176
1
290
0
176
1
90
50
176
1
90
50
176
1
90
50
176
1
290
0
176
1
90
50
176
1
62
256
176
0
40
1.0
176
0
90
2
176
1
1
strokes_ogs.tif
176
1
290
0
176
1
40
1.0
176
1
40
1.0
176
1
0
VISUALSTYLE
5
5F
102
{ACAD_REACTORS
330
16
102
}
330
16
100
AcDbVisualStyle
2
Dim
70
11
177
3
291
1
70
58
90
2
176
1
90
2
176
1
90
0
176
1
90
2
176
1
40
0.6
176
1
40
30.0
176
1
62
7
420
16777215
176
1
90
1
176
1
90
4
176
1
62
7
176
1
62
257
176
1
90
1
176
1
90
1
176
1
40
1.0
176
1
90
8
176
1
62
7
176
1
40
1.0
176
1
90
1
176
1
90
6
176
1
90
2
176
1
62
7
176
1
90
5
176
1
90
0
176
1
90
0
176
1
290
0
176
1
90
1
176
1
40
0.0
176
1
90
0
176
1
290
0
176
1
290
1
176
1
290
1
176
1
290
0
176
1
290
0
176
1
290
0
176
1
290
0
176
1
290
0
176
1
290
0
176
1
90
50
176
1
40
0.0
176
1
40
1.0
176
1
90
0
176
1
62
18
420
0
176
1
90
50
176
1
90
3
176
1
62
5
420
255
176
1
290
0
176
1
90
50
176
1
90
50
176
1
90
50
176
1
290
0
176
1
90
50
176
1
62
256
176
0
40
1.0
176
0
90
2
176
1
1
strokes_ogs.tif
176
1
290
0
176
1
40
1.0
176
1
40
1.0
176
1
0
VISUALSTYLE
5
60
102
{ACAD_REACTORS
330
16
102
}
330
16
100
AcDbVisualStyle
2
EdgeColorOff
70
22
177
3
291
1
70
58
90
2
176
1
90
2
176
1
90
0
176
1
90
2
176
1
40
0.6
176
1
40
30.0
176
1
62
7
420
16777215
176
1
90
1
176
1
90
4
176
1
62
7
176
1
62
257
176
1
90
1
176
1
90
1
176
1
40
1.0
176
1
90
8
176
1
62
7
176
1
40
1.0
176
1
90
1
176
1
90
6
176
1
90
2
176
1
62
7
176
1
90
5
176
1
90
0
176
1
90
0
176
1
290
0
176
1
90
1
176
1
40
0.0
176
1
90
0
176
1
290
0
176
1
290
1
176
1
290
1
176
1
290
0
176
1
290
0
176
1
290
0
176
1
290
0
176
1
290
0
176
1
290
0
176
1
90
50
176
1
40
0.0
176
1
40
1.0
176
1
90
0
176
1
62
18
420
0
176
1
90
50
176
1
90
3
176
1
62
5
420
255
176
1
290
0
176
1
90
50
176
1
90
50
176
1
90
50
176
1
290
0
176
1
90
50
176
1
62
256
176
0
40
1.0
176
0
90
2
176
1
1
strokes_ogs.tif
176
1
290
0
176
1
40
1.0
176
1
40
1.0
176
1
0
VISUALSTYLE
5
61
102
{ACAD_REACTORS
330
16
102
}
330
16
100
AcDbVisualStyle
2
Facepattern
70
15
177
3
291
1
70
58
90
2
176
1
90
2
176
1
90
0
176
1
90
2
176
1
40
0.6
176
1
40
30.0
176
1
62
7
420
16777215
176
1
90
1
176
1
90
4
176
1
62
7
176
1
62
257
176
1
90
1
176
1
90
1
176
1
40
1.0
176
1
90
8
176
1
62
7
176
1
40
1.0
176
1
90
1
176
1
90
6
176
1
90
2
176
1
62
7
176
1
90
5
176
1
90
0
176
1
90
0
176
1
290
0
176
1
90
1
176
1
40
0.0
176
1
90
0
176
1
290
0
176
1
290
1
176
1
290
1
176
1
290
0
176
1
290
0
176
1
290
0
176
1
290
0
176
1
290
0
176
1
290
0
176
1
90
50
176
1
40
0.0
176
1
40
1.0
176
1
90
0
176
1
62
18
420
0
176
1
90
50
176
1
90
3
176
1
62
5
420
255
176
1
290
0
176
1
90
50
176
1
90
50
176
1
90
50
176
1
290
0
176
1
90
50
176
1
62
256
176
0
40
1.0
176
0
90
2
176
1
1
strokes_ogs.tif
176
1
290
0
176
1
40
1.0
176
1
40
1.0
176
1
0
VISUALSTYLE
5
62
102
{ACAD_REACTORS
330
16
102
}
330
16
100
AcDbVisualStyle
2
Flat
70
0
177
3
291
1
70
58
90
2
176
1
90
2
176
1
90
0
176
1
90
2
176
1
40
0.6
176
1
40
30.0
176
1
62
7
420
16777215
176
1
90
1
176
1
90
4
176
1
62
7
176
1
62
257
176
1
90
1
176
1
90
1
176
1
40
1.0
176
1
90
8
176
1
62
7
176
1
40
1.0
176
1
90
1
176
1
90
6
176
1
90
2
176
1
62
7
176
1
90
5
176
1
90
0
176
1
90
0
176
1
290
0
176
1
90
1
176
1
40
0.0
176
1
90
0
176
1
290
0
176
1
290
1
176
1
290
1
176
1
290
0
176
1
290
0
176
1
290
0
176
1
290
0
176
1
290
0
176
1
290
0
176
1
90
50
176
1
40
0.0
176
1
40
1.0
176
1
90
0
176
1
62
18
420
0
176
1
90
50
176
1
90
3
176
1
62
5
420
255
176
1
290
0
176
1
90
50
176
1
90
50
176
1
90
50
176
1
290
0
176
1
90
50
176
1
62
256
176
0
40
1.0
176
0
90
2
176
1
1
strokes_ogs.tif
176
1
290
0
176
1
40
1.0
176
1
40
1.0
176
1
0
VISUALSTYLE
5
63
102
{ACAD_REACTORS
330
16
102
}
330
16
100
AcDbVisualStyle
2
FlatWithEdges
70
1
177
3
291
1
70
58
90
2
176
1
90
2
176
1
90
0
176
1
90
2
176
1
40
0.6
176
1
40
30.0
176
1
62
7
420
16777215
176
1
90
1
176
1
90
4
176
1
62
7
176
1
62
257
176
1
90
1
176
1
90
1
176
1
40
1.0
176
1
90
8
176
1
62
7
176
1
40
1.0
176
1
90
1
176
1
90
6
176
1
90
2
176
1
62
7
176
1
90
5
176
1
90
0
176
1
90
0
176
1
290
0
176
1
90
1
176
1
40
0.0
176
1
90
0
176
1
290
0
176
1
290
1
176
1
290
1
176
1
290
0
176
1
290
0
176
1
290
0
176
1
290
0
176
1
290
0
176
1
290
0
176
1
90
50
176
1
40
0.0
176
1
40
1.0
176
1
90
0
176
1
62
18
420
0
176
1
90
50
176
1
90
3
176
1
62
5
420
255
176
1
290
0
176
1
90
50
176
1
90
50
176
1
90
50
176
1
290
0
176
1
90
50
176
1
62
256
176
0
40
1.0
176
0
90
2
176
1
1
strokes_ogs.tif
176
1
290
0
176
1
40
1.0
176
1
40
1.0
176
1
0
VISUALSTYLE
5
64
102
{ACAD_REACTORS
330
16
102
}
330
16
100
AcDbVisualStyle
2
Gouraud
70
2
177
3
291
1
70
58
90
2
176
1
90
2
176
1
90
0
176
1
90
2
176
1
40
0.6
176
1
40
30.0
176
1
62
7
420
16777215
176
1
90
1
176
1
90
4
176
1
62
7
176
1
62
257
176
1
90
1
176
1
90
1
176
1
40
1.0
176
1
90
8
176
1
62
7
176
1
40
1.0
176
1
90
1
176
1
90
6
176
1
90
2
176
1
62
7
176
1
90
5
176
1
90
0
176
1
90
0
176
1
290
0
176
1
90
1
176
1
40
0.0
176
1
90
0
176
1
290
0
176
1
290
1
176
1
290
1
176
1
290
0
176
1
290
0
176
1
290
0
176
1
290
0
176
1
290
0
176
1
290
0
176
1
90
50
176
1
40
0.0
176
1
40
1.0
176
1
90
0
176
1
62
18
420
0
176
1
90
50
176
1
90
3
176
1
62
5
420
255
176
1
290
0
176
1
90
50
176
1
90
50
176
1
90
50
176
1
290
0
176
1
90
50
176
1
62
256
176
0
40
1.0
176
0
90
2
176
1
1
strokes_ogs.tif
176
1
290
0
176
1
40
1.0
176
1
40
1.0
176
1
0
VISUALSTYLE
5
65
102
{ACAD_REACTORS
330
16
102
}
330
16
100
AcDbVisualStyle
2
GouraudWithEdges
70
3
177
3
291
1
70
58
90
2
176
1
90
2
176
1
90
0
176
1
90
2
176
1
40
0.6
176
1
40
30.0
176
1
62
7
420
16777215
176
1
90
1
176
1
90
4
176
1
62
7
176
1
62
257
176
1
90
1
176
1
90
1
176
1
40
1.0
176
1
90
8
176
1
62
7
176
1
40
1.0
176
1
90
1
176
1
90
6
176
1
90
2
176
1
62
7
176
1
90
5
176
1
90
0
176
1
90
0
176
1
290
0
176
1
90
1
176
1
40
0.0
176
1
90
0
176
1
290
0
176
1
290
1
176
1
290
1
176
1
290
0
176
1
290
0
176
1
290
0
176
1
290
0
176
1
290
0
176
1
290
0
176
1
90
50
176
1
40
0.0
176
1
40
1.0
176
1
90
0
176
1
62
18
420
0
176
1
90
50
176
1
90
3
176
1
62
5
420
255
176
1
290
0
176
1
90
50
176
1
90
50
176
1
90
50
176
1
290
0
176
1
90
50
176
1
62
256
176
0
40
1.0
176
0
90
2
176
1
1
strokes_ogs.tif
176
1
290
0
176
1
40
1.0
176
1
40
1.0
176
1
0
VISUALSTYLE
5
66
102
{ACAD_REACTORS
330
16
102
}
330
16
100
AcDbVisualStyle
2
Hidden
70
6
177
3
291
0
70
58
90
2
176
1
90
2
176
1
90
0
176
1
90
1
176
1
40
0.6
176
1
40
30.0
176
1
62
7
420
16777215
176
1
90
1
176
1
90
4
176
1
62
7
176
1
62
257
176
1
90
1
176
1
90
1
176
1
40
1.0
176
1
90
8
176
1
62
7
176
1
40
1.0
176
1
90
1
176
1
90
6
176
1
90
2
176
1
62
7
176
1
90
5
176
1
90
0
176
1
90
0
176
1
290
0
176
1
90
1
176
1
40
0.0
176
1
90
0
176
1
290
0
176
1
290
1
176
1
290
1
176
1
290
0
176
1
290
0
176
1
290
0
176
1
290
0
176
1
290
0
176
1
290
0
176
1
90
50
176
1
40
0.0
176
1
40
1.0
176
1
90
0
176
1
62
18
420
0
176
1
90
50
176
1
90
3
176
1
62
5
420
255
176
1
290
0
176
1
90
50
176
1
90
50
176
1
90
50
176
1
290
0
176
1
90
50
176
1
62
256
176
0
40
1.0
176
0
90
2
176
1
1
strokes_ogs.tif
176
1
290
0
176
1
40
1.0
176
1
40
1.0
176
1
0
VISUALSTYLE
5
67
102
{ACAD_REACTORS
330
16
102
}
330
16
100
AcDbVisualStyle
2
JitterOff
70
20
177
3
291
1
70
58
90
2
176
1
90
2
176
1
90
0
176
1
90
2
176
1
40
0.6
176
1
40
30.0
176
1
62
7
420
16777215
176
1
90
1
176
1
90
4
176
1
62
7
176
1
62
257
176
1
90
1
176
1
90
1
176
1
40
1.0
176
1
90
8
176
1
62
7
176
1
40
1.0
176
1
90
1
176
1
90
6
176
1
90
2
176
1
62
7
176
1
90
5
176
1
90
0
176
1
90
0
176
1
290
0
176
1
90
1
176
1
40
0.0
176
1
90
0
176
1
290
0
176
1
290
1
176
1
290
1
176
1
290
0
176
1
290
0
176
1
290
0
176
1
290
0
176
1
290
0
176
1
290
0
176
1
90
50
176
1
40
0.0
176
1
40
1.0
176
1
90
0
176
1
62
18
420
0
176
1
90
50
176
1
90
3
176
1
62
5
420
255
176
1
290
0
176
1
90
50
176
1
90
50
176
1
90
50
176
1
290
0
176
1
90
50
176
1
62
256
176
0
40
1.0
176
0
90
2
176
1
1
strokes_ogs.tif
176
1
290
0
176
1
40
1.0
176
1
40
1.0
176
1
0
VISUALSTYLE
5
68
102
{ACAD_REACTORS
330
16
102
}
330
16
100
AcDbVisualStyle
2
Linepattern
70
14
177
3
291
1
70
58
90
2
176
1
90
2
176
1
90
0
176
1
90
2
176
1
40
0.6
176
1
40
30.0
176
1
62
7
420
16777215
176
1
90
1
176
1
90
4
176
1
62
7
176
1
62
257
176
1
90
1
176
1
90
1
176
1
40
1.0
176
1
90
8
176
1
62
7
176
1
40
1.0
176
1
90
1
176
1
90
6
176
1
90
2
176
1
62
7
176
1
90
5
176
1
90
0
176
1
90
0
176
1
290
0
176
1
90
1
176
1
40
0.0
176
1
90
0
176
1
290
0
176
1
290
1
176
1
290
1
176
1
290
0
176
1
290
0
176
1
290
0
176
1
290
0
176
1
290
0
176
1
290
0
176
1
90
50
176
1
40
0.0
176
1
40
1.0
176
1
90
0
176
1
62
18
420
0
176
1
90
50
176
1
90
3
176
1
62
5
420
255
176
1
290
0
176
1
90
50
176
1
90
50
176
1
90
50
176
1
290
0
176
1
90
50
176
1
62
256
176
0
40
1.0
176
0
90
2
176
1
1
strokes_ogs.tif
176
1
290
0
176
1
40
1.0
176
1
40
1.0
176
1
0
VISUALSTYLE
5
69
102
{ACAD_REACTORS
330
16
102
}
330
16
100
AcDbVisualStyle
2
Modeling
70
10
177
3
291
0
70
58
90
2
176
1
90
2
176
1
90
0
176
1
90
2
176
1
40
0.6
176
1
40
30.0
176
1
62
7
420
16777215
176
1
90
1
176
1
90
4
176
1
62
7
176
1
62
257
176
1
90
1
176
1
90
1
176
1
40
1.0
176
1
90
8
176
1
62
7
176
1
40
1.0
176
1
90
1
176
1
90
6
176
1
90
2
176
1
62
7
176
1
90
5
176
1
90
0
176
1
90
0
176
1
290
0
176
1
90
1
176
1
40
0.0
176
1
90
0
176
1
290
0
176
1
290
1
176
1
290
1
176
1
290
0
176
1
290
0
176
1
290
0
176
1
290
0
176
1
290
0
176
1
290
0
176
1
90
50
176
1
40
0.0
176
1
40
1.0
176
1
90
0
176
1
62
18
420
0
176
1
90
50
176
1
90
3
176
1
62
5
420
255
176
1
290
0
176
1
90
50
176
1
90
50
176
1
90
50
176
1
290
0
176
1
90
50
176
1
62
256
176
0
40
1.0
176
0
90
2
176
1
1
strokes_ogs.tif
176
1
290
0
176
1
40
1.0
176
1
40
1.0
176
1
0
VISUALSTYLE
5
6A
102
{ACAD_REACTORS
330
16
102
}
330
16
100
AcDbVisualStyle
2
OverhangOff
70
21
177
3
291
1
70
58
90
2
176
1
90
2
176
1
90
0
176
1
90
2
176
1
40
0.6
176
1
40
30.0
176
1
62
7
420
16777215
176
1
90
1
176
1
90
4
176
1
62
7
176
1
62
257
176
1
90
1
176
1
90
1
176
1
40
1.0
176
1
90
8
176
1
62
7
176
1
40
1.0
176
1
90
1
176
1
90
6
176
1
90
2
176
1
62
7
176
1
90
5
176
1
90
0
176
1
90
0
176
1
290
0
176
1
90
1
176
1
40
0.0
176
1
90
0
176
1
290
0
176
1
290
1
176
1
290
1
176
1
290
0
176
1
290
0
176
1
290
0
176
1
290
0
176
1
290
0
176
1
290
0
176
1
90
50
176
1
40
0.0
176
1
40
1.0
176
1
90
0
176
1
62
18
420
0
176
1
90
50
176
1
90
3
176
1
62
5
420
255
176
1
290
0
176
1
90
50
176
1
90
50
176
1
90
50
176
1
290
0
176
1
90
50
176
1
62
256
176
0
40
1.0
176
0
90
2
176
1
1
strokes_ogs.tif
176
1
290
0
176
1
40
1.0
176
1
40
1.0
176
1
0
VISUALSTYLE
5
6B
102
{ACAD_REACTORS
330
16
102
}
330
16
100
AcDbVisualStyle
2
Realistic
70
8
177
3
291
0
70
58
90
2
176
1
90
2
176
1
90
0
176
1
90
2
176
1
40
0.6
176
1
40
30.0
176
1
62
7
420
16777215
176
1
90
1
176
1
90
4
176
1
62
7
176
1
62
257
176
1
90
1
176
1
90
1
176
1
40
1.0
176
1
90
8
176
1
62
7
176
1
40
1.0
176
1
90
1
176
1
90
6
176
1
90
2
176
1
62
7
176
1
90
5
176
1
90
0
176
1
90
0
176
1
290
0
176
1
90
1
176
1
40
0.0
176
1
90
0
176
1
290
0
176
1
290
1
176
1
290
1
176
1
290
0
176
1
290
0
176
1
290
0
176
1
290
0
176
1
290
0
176
1
290
0
176
1
90
50
176
1
40
0.0
176
1
40
1.0
176
1
90
0
176
1
62
18
420
0
176
1
90
50
176
1
90
3
176
1
62
5
420
255
176
1
290
0
176
1
90
50
176
1
90
50
176
1
90
50
176
1
290
0
176
1
90
50
176
1
62
256
176
0
40
1.0
176
0
90
2
176
1
1
strokes_ogs.tif
176
1
290
0
176
1
40
1.0
176
1
40
1.0
176
1
0
VISUALSTYLE
5
6C
102
{ACAD_REACTORS
330
16
102
}
330
16
100
AcDbVisualStyle
2
Shaded
70
27
177
3
291
0
70
58
90
2
176
1
90
2
176
1
90
0
176
1
90
2
176
1
40
0.6
176
1
40
30.0
176
1
62
7
420
16777215
176
1
90
1
176
1
90
4
176
1
62
7
176
1
62
257
176
1
90
1
176
1
90
1
176
1
40
1.0
176
1
90
8
176
1
62
7
176
1
40
1.0
176
1
90
1
176
1
90
6
176
1
90
2
176
1
62
7
176
1
90
5
176
1
90
0
176
1
90
0
176
1
290
0
176
1
90
1
176
1
40
0.0
176
1
90
0
176
1
290
0
176
1
290
1
176
1
290
1
176
1
290
0
176
1
290
0
176
1
290
0
176
1
290
0
176
1
290
0
176
1
290
0
176
1
90
50
176
1
40
0.0
176
1
40
1.0
176
1
90
0
176
1
62
18
420
0
176
1
90
50
176
1
90
3
176
1
62
5
420
255
176
1
290
0
176
1
90
50
176
1
90
50
176
1
90
50
176
1
290
0
176
1
90
50
176
1
62
256
176
0
40
1.0
176
0
90
2
176
1
1
strokes_ogs.tif
176
1
290
0
176
1
40
1.0
176
1
40
1.0
176
1
0
VISUALSTYLE
5
6D
102
{ACAD_REACTORS
330
16
102
}
330
16
100
AcDbVisualStyle
2
Shaded with edges
70
26
177
3
291
0
70
58
90
2
176
1
90
2
176
1
90
0
176
1
90
2
176
1
40
0.6
176
1
40
30.0
176
1
62
7
420
16777215
176
1
90
1
176
1
90
4
176
1
62
7
176
1
62
257
176
1
90
1
176
1
90
1
176
1
40
1.0
176
1
90
8
176
1
62
7
176
1
40
1.0
176
1
90
1
176
1
90
6
176
1
90
2
176
1
62
7
176
1
90
5
176
1
90
0
176
1
90
0
176
1
290
0
176
1
90
1
176
1
40
0.0
176
1
90
0
176
1
290
0
176
1
290
1
176
1
290
1
176
1
290
0
176
1
290
0
176
1
290
0
176
1
290
0
176
1
290
0
176
1
290
0
176
1
90
50
176
1
40
0.0
176
1
40
1.0
176
1
90
0
176
1
62
18
420
0
176
1
90
50
176
1
90
3
176
1
62
5
420
255
176
1
290
0
176
1
90
50
176
1
90
50
176
1
90
50
176
1
290
0
176
1
90
50
176
1
62
256
176
0
40
1.0
176
0
90
2
176
1
1
strokes_ogs.tif
176
1
290
0
176
1
40
1.0
176
1
40
1.0
176
1
0
VISUALSTYLE
5
6E
102
{ACAD_REACTORS
330
16
102
}
330
16
100
AcDbVisualStyle
2
Shades of Gray
70
23
177
3
291
0
70
58
90
2
176
1
90
2
176
1
90
0
176
1
90
2
176
1
40
0.6
176
1
40
30.0
176
1
62
7
420
16777215
176
1
90
1
176
1
90
4
176
1
62
7
176
1
62
257
176
1
90
1
176
1
90
1
176
1
40
1.0
176
1
90
8
176
1
62
7
176
1
40
1.0
176
1
90
1
176
1
90
6
176
1
90
2
176
1
62
7
176
1
90
5
176
1
90
0
176
1
90
0
176
1
290
0
176
1
90
1
176
1
40
0.0
176
1
90
0
176
1
290
0
176
1
290
1
176
1
290
1
176
1
290
0
176
1
290
0
176
1
290
0
176
1
290
0
176
1
290
0
176
1
290
0
176
1
90
50
176
1
40
0.0
176
1
40
1.0
176
1
90
0
176
1
62
18
420
0
176
1
90
50
176
1
90
3
176
1
62
5
420
255
176
1
290
0
176
1
90
50
176
1
90
50
176
1
90
50
176
1
290
0
176
1
90
50
176
1
62
256
176
0
40
1.0
176
0
90
2
176
1
1
strokes_ogs.tif
176
1
290
0
176
1
40
1.0
176
1
40
1.0
176
1
0
VISUALSTYLE
5
6F
102
{ACAD_REACTORS
330
16
102
}
330
16
100
AcDbVisualStyle
2
Sketchy
70
24
177
3
291
0
70
58
90
2
176
1
90
2
176
1
90
0
176
1
90
1
176
1
40
0.6
176
1
40
30.0
176
1
62
7
420
16777215
176
1
90
1
176
1
90
4
176
1
62
7
176
1
62
257
176
1
90
1
176
1
90
1
176
1
40
1.0
176
1
90
8
176
1
62
7
176
1
40
1.0
176
1
90
1
176
1
90
6
176
1
90
2
176
1
62
7
176
1
90
5
176
1
90
0
176
1
90
0
176
1
290
0
176
1
90
1
176
1
40
0.0
176
1
90
0
176
1
290
0
176
1
290
1
176
1
290
1
176
1
290
0
176
1
290
0
176
1
290
0
176
1
290
0
176
1
290
0
176
1
290
0
176
1
90
50
176
1
40
0.0
176
1
40
1.0
176
1
90
0
176
1
62
18
420
0
176
1
90
50
176
1
90
3
176
1
62
5
420
255
176
1
290
0
176
1
90
50
176
1
90
50
176
1
90
50
176
1
290
0
176
1
90
50
176
1
62
256
176
0
40
1.0
176
0
90
2
176
1
1
strokes_ogs.tif
176
1
290
0
176
1
40
1.0
176
1
40
1.0
176
1
0
VISUALSTYLE
5
70
102
{ACAD_REACTORS
330
16
102
}
330
16
100
AcDbVisualStyle
2
Thicken
70
13
177
3
291
1
70
58
90
2
176
1
90
2
176
1
90
0
176
1
90
2
176
1
40
0.6
176
1
40
30.0
176
1
62
7
420
16777215
176
1
90
1
176
1
90
4
176
1
62
7
176
1
62
257
176
1
90
1
176
1
90
1
176
1
40
1.0
176
1
90
8
176
1
62
7
176
1
40
1.0
176
1
90
1
176
1
90
6
176
1
90
2
176
1
62
7
176
1
90
5
176
1
90
0
176
1
90
0
176
1
290
0
176
1
90
1
176
1
40
0.0
176
1
90
0
176
1
290
0
176
1
290
1
176
1
290
1
176
1
290
0
176
1
290
0
176
1
290
0
176
1
290
0
176
1
290
0
176
1
290
0
176
1
90
50
176
1
40
0.0
176
1
40
1.0
176
1
90
0
176
1
62
18
420
0
176
1
90
50
176
1
90
3
176
1
62
5
420
255
176
1
290
0
176
1
90
50
176
1
90
50
176
1
90
50
176
1
290
0
176
1
90
50
176
1
62
256
176
0
40
1.0
176
0
90
2
176
1
1
strokes_ogs.tif
176
1
290
0
176
1
40
1.0
176
1
40
1.0
176
1
0
VISUALSTYLE
5
71
102
{ACAD_REACTORS
330
16
102
}
330
16
100
AcDbVisualStyle
2
Wireframe
70
5
177
3
291
0
70
58
90
2
176
1
90
2
176
1
90
0
176
1
90
0
176
1
40
0.6
176
1
40
30.0
176
1
62
7
420
16777215
176
1
90
1
176
1
90
4
176
1
62
7
176
1
62
257
176
1
90
1
176
1
90
1
176
1
40
1.0
176
1
90
8
176
1
62
7
176
1
40
1.0
176
1
90
1
176
1
90
6
176
1
90
2
176
1
62
7
176
1
90
5
176
1
90
0
176
1
90
0
176
1
290
0
176
1
90
1
176
1
40
0.0
176
1
90
0
176
1
290
0
176
1
290
1
176
1
290
1
176
1
290
0
176
1
290
0
176
1
290
0
176
1
290
0
176
1
290
0
176
1
290
0
176
1
90
50
176
1
40
0.0
176
1
40
1.0
176
1
90
0
176
1
62
18
420
0
176
1
90
50
176
1
90
3
176
1
62
5
420
255
176
1
290
0
176
1
90
50
176
1
90
50
176
1
90
50
176
1
290
0
176
1
90
50
176
1
62
256
176
0
40
1.0
176
0
90
2
176
1
1
strokes_ogs.tif
176
1
290
0
176
1
40
1.0
176
1
40
1.0
176
1
0
VISUALSTYLE
5
72
102
{ACAD_REACTORS
330
16
102
}
330
16
100
AcDbVisualStyle
2
X-Ray
70
25
177
3
291
0
70
58
90
2
176
1
90
2
176
1
90
0
176
1
90
2
176
1
40
0.5
176
1
40
30.0
176
1
62
7
420
16777215
176
1
90
1
176
1
90
4
176
1
62
7
176
1
62
257
176
1
90
1
176
1
90
1
176
1
40
1.0
176
1
90
8
176
1
62
7
176
1
40
1.0
176
1
90
1
176
1
90
6
176
1
90
2
176
1
62
7
176
1
90
5
176
1
90
0
176
1
90
0
176
1
290
0
176
1
90
1
176
1
40
0.0
176
1
90
0
176
1
290
0
176
1
290
1
176
1
290
1
176
1
290
0
176
1
290
0
176
1
290
0
176
1
290
0
176
1
290
0
176
1
290
0
176
1
90
50
176
1
40
0.0
176
1
40
1.0
176
1
90
0
176
1
62
18
420
0
176
1
90
50
176
1
90
3
176
1
62
5
420
255
176
1
290
0
176
1
90
50
176
1
90
50
176
1
90
50
176
1
290
0
176
1
90
50
176
1
62
256
176
0
40
1.0
176
0
90
2
176
1
1
strokes_ogs.tif
176
1
290
0
176
1
40
1.0
176
1
40
1.0
176
1
0
DICTIONARYVAR
5
8C
330
2D
100
DictionaryVariables
280
0
1
1.4.4 @ 2026-08-04T18:17:40.381266+00:00
0
ENDSEC

