0
ENDTAB
0
TABLE
2
VIEW
5
7
330
0
100
AcDbSymbolTable
70
0
0
ENDTAB
0
TABLE
2
UCS
5
6
330
0
100
AcDbSymbolTable
70
0
0
ENDTAB
0
TABLE
2
APPID
5
3
330
0
100
AcDbSymbolTable
70
3
0
APPID
5
2A
330
3
100
AcDbSymbolTableRecord
100
AcDbRegAppTableRecord
2
ACAD
70
0
0
APPID
5
8A
330
3
100
AcDbSymbolTableRecord
100
AcDbRegAppTableRecord
2
HATCHBACKGROUNDCOLOR
70
0
0
APPID
5
8B
330
3
100
AcDbSymbolTableRecord
100
AcDbRegAppTableRecord
2
EZDXF
70
0
0
ENDTAB
0
TABLE
2
DIMSTYLE
5
4
330
0
100
AcDbSymbolTable
70
@DIMSTYLECOUNT@
100
AcDbDimStyleTable
0
DIMSTYLE
105
2B
330
4
100
AcDbSymbolTableRecord
100
AcDbDimStyleTableRecord
2
Standard
70
0
40
1.0
41
2.5
42
0.625
43
3.75
44
1.25
45
0.0
46
0.0
47
0.0
48
0.0
49
2.5
140
2.5
141
2.5
142
0.0
143
0.03937007874
144
1.0
145
0.0
146
1.0
147
0.625
148
0.0
69
0
70
0
71
0
72
0
73
0
74
0
75
0
76
0
77
1
78
8
79
3
170
0
171
3
172
1
173
0
174
0
175
0
176
0
177
0
178
0
179
2
271
2
272
2
273
2
274
3
275
0
276
0
277
2
278
44
279
0
280
0
281
0
282
0
283
0
284
8
285
0
286
0
288
0
289
3
290
0
371
-2
372
-2
0
DIMSTYLE
105
73
330
4
100
AcDbSymbolTableRecord
100
AcDbDimStyleTableRecord
2
EZDXF
70
0
40
1.0
41
0.175
42
0.125
43
3.75
44
0.375
45
0.0
46
0.0
47
0.0
48
0.0
49
2.5
140
0.25
141
2.5
142
0.0
143
0.03937007874
144
100.0
145
0.0
146
0.5
147
0.1
148
0.0
69
0
70
0
71
0
72
0
73
0
74
0
75
0
76
0
77
1
78
12
79
3
170
0
171
3
172
1
173
0
174
0
175
0
176
0
177
0
178
0
179
2
271
2
272
2
273
2
274
3
275
0
276
0
277
2
278
46
279
2
280
0
281
0
282
0
283
0
284
8
285
0
286
0
288
1
289
3
290
0
340
4C
342
74
371
-2
372
-2
0
DIMSTYLE
105
7C
330
4
100
AcDbSymbolTableRecord
100
AcDbDimStyleTableRecord
2
EZ_M_100_H25_CM
70
0
40
1.0
41
0.25
42
0.125
43
3.75
44
0.375
45
0.0
46
0.0
47
0.0
48
0.0
49
2.5
140
0.25
141
2.5
142
0.125
143
0.03937007874
144
100.0
145
0.0
146
0.5
147
0.1
148
0.0
69
0
70
0
71
0
72
0
73
0
74
0
75
0
76
0
77
1
78
12
79
3
170
0
171
3
172
1
173
0
174
0
175
0
176
0
177
0
178
0
179
2
271
2
272
2
273
2
274
3
275
0
276
0
277
2
278
46
279
2
280
0
281
0
282
0
283
0
284
8
285
0
286
0
288
1
289
3
290
0
340
4C
371
-2
372
-2
0
DIMSTYLE
105
7D
330
4
100
AcDbSymbolTableRecord
100
AcDbDimStyleTableRecord
2
EZ_M_50_H25_CM
70
0
40
1.0
41
0.125
42
0.0625
43
3.75
44
0.1875
45
0.0
46
0.0
47
0.0
48
0.0
49
2.5
140
0.125
141
2.5
142
0.0625
143
0.03937007874
144
100.0
145
0.0
146
0.5
147
0.05
148
0.0
69
0
70
0
71
0
72
0
73
0
74
0
75
0
76
0
77
1
78
12
79
3
170
0
171
3
172
1
173
0
174
0
175
0
176
0
177
0
178
0
179
2
271
2
272
2
273
2
274
3
275
0
276
0
277
2
278
46
279
2
280
0
281
0
282
0
283
0
284
8
285
0
286
0
288
1
289
3
290
0
340
4C
371
-2
372
-2
0
DIMSTYLE
105
7E
330
4
100
AcDbSymbolTableRecord
100
AcDbDimStyleTableRecord
2
EZ_M_25_H25_CM
70
0
40
1.0
41
0.0625
42
0.03125
43
3.75
44
0.09375
45
0.0
46
0.0
47
0.0
48
0.0
49
2.5
140
0.0625
141
2.5
142
0.03125
143
0.03937007874
144
100.0
145
0.0
146
0.5
147
0.025
148
0.0
69
0
70
0
71
0
72
0
73
0
74
0
75
0
76
0
77
1
78
12
79
3
170
0
171
3
172
1
173
0
174
0
175
0
176
0
177
0
178
0
179
2
271
2
272
2
273
2
274
3
275
0
276
0
277
2
278
46
279
2
280
0
281
0
282
0
283
0
284
8
285
0
286
0
288
1
289
3
290
0
340
4C
371
-2
372
-2
0
DIMSTYLE
105
7F
330
4
100
AcDbSymbolTableRecord
100
AcDbDimStyleTableRecord
2
EZ_M_20_H25_CM
70
0
40
1.0
41
0.05
42
0.025
43
3.75
44
0.07500000000000001
45
0.0
46
0.0
47
0.0
48
0.0
49
2.5
140
0.05
141
2.5
142
0.025
143
0.03937007874
144
100.0
145
0.0
146
0.5
147
0.020000000000000004
148
0.0
69
0
70
0
71
0
72
0
73
0
74
0
75
0
76
0
77
1
78
12
79
3
170
0
171
3
172
1
173
0
174
0
175
0
176
0
177
0
178
0
179
2
271
2
272
2
273
2
274
3
275
0
276
0
277
2
278
46
279
2
280
0
281
0
282
0
283
0
284
8
285
0
286
0
288
1
289
3
290
0
340
4C
371
-2
372
-2
0
DIMSTYLE
105
80
330
4
100
AcDbSymbolTableRecord
100
AcDbDimStyleTableRecord
2
EZ_M_10_H25_CM
70
0
40
1.0
41
0.025
42
0.0125
43
3.75
44
0.037500000000000006
45
0.0
46
0.0
47
0.0
48
0.0
49
2.5
140
0.025
141
2.5
142
0.0125
143
0.03937007874
144
100.0
145
0.0
146
0.5
147
0.010000000000000002
148
0.0
69
0
70
0
71
0
72
0
73
0
74
0
75
0
76
0
77
1
78
12
79
3
170
0
171
3
172
1
173
0
174
0
175
0
176
0
177
0
178
0
179
2
271
2
272
2
273
2
274
3
275
0
276
0
277
2
278
46
279
2
280
0
281
0
282
0
283
0
284
8
285
0
286
0
288
1
289
3
290
0
340
4C
371
-2
372
-2
0
DIMSTYLE
105
81
330
4
100
AcDbSymbolTableRecord
100
AcDbDimStyleTableRecord
2
EZ_M_5_H25_CM
70
0
40
1.0
41
0.0125
42
0.00625
43
3.75
44
0.018750000000000003
45
0.0
46
0.0
47
0.0
48
0.0
49
2.5
140
0.0125
141
2.5
142
0.00625
143
0.03937007874
144
100.0
145
0.0
146
0.5
147
0.005000000000000001
148
0.0
69
0
70
0
71
0
72
0
73
0
74
0
75
0
76
0
77
1
78
12
79
3
170
0
171
3
172
1
173
0
174
0
175
0
176
0
177
0
178
0
179
2
271
2
272
2
273
2
274
3
275
0
276
0
277
2
278
46
279
2
280
0
281
0
282
0
283
0
284
8
285
0
286
0
288
1
289
3
290
0
340
4C
371
-2
372
-2
0
DIMSTYLE
105
82
330
4
100
AcDbSymbolTableRecord
100
AcDbDimStyleTableRecord
2
EZ_M_1_H25_CM
70
0
40
1.0
41
0.0025
42
0.00125
43
3.75
44
0.00375
45
0.0
46
0.0
47
0.0
48
0.0
49
2.5
140
0.0025
141
2.5
142
0.00125
143
0.03937007874
144
100.0
145
0.0
146
0.5
147
0.001
148
0.0
69
0
70
0
71
0
72
0
73
0
74
0
75
0
76
0
77
1
78
12
79
3
170
0
171
3
172
1
173
0
174
0
175
0
176
0
177
0
178
0
179
2
271
2
272
2
273
2
274
3
275
0
276
0
277
2
278
46
279
2
280
0
281
0
282
0
283
0
284
8
285
0
286
0
288
1
289
3
290
0
340
4C
371
-2
372
-2
0
DIMSTYLE
105
83
330
4
100
AcDbSymbolTableRecord
100
AcDbDimStyleTableRecord
2
EZ_RADIUS
70
0
40
1.0
41
0.25
42
0.125
43
3.75
44
0.375
45
0.0
46
0.0
47
0.0
48
0.0
49
2.5
140
0.25
141
0.0
142
0.0
143
0.03937007874
144
100.0
145
0.0
146
0.5
147
0.1
148
0.0
69
0
70
0
71
0
72
0
73
0
74
0
75
0
76
0
77
1
78
12
79
3
170
0
171
3
172
0
173
0
174
0
175
0
176
0
177
0
178
0
179
2
271
2
272
2
273
2
274
3
275
0
276
0
277
2
278
46
279
1
280
0
281
0
282
0
283
0
284
8
285
0
286
0
288
1
289
3
290
0
340
4C
342
84
371
-2
372
-2
0
DIMSTYLE
105
88
330
4
100
AcDbSymbolTableRecord
100
AcDbDimStyleTableRecord
2
EZ_RADIUS_INSIDE
70
0
40
1.0
41
0.25
42
0.125
43
3.75
44
0.375
45
0.0
46
0.0
47
0.0
48
0.0
49
2.5
140
0.25
141
0.0
142
0.0
143
0.03937007874
144
100.0
145
0.0
146
0.5
147
0.1
148
0.0
69
0
70
0
71
0
72
0
73
0
74
0
75
0
76
0
77
0
78
12
79
3
170
0
171
3
172
0
173
0
174
1
175
0
176
0
177
0
178
0
179
2
271
2
272
2
273
2
274
3
275
0
276
0
277
2
278
46
279
0
280
0
281
0
282
0
283
0
284
8
285
0
286
0
288
1
289
0
290
0
340
4C
342
84
371
-2
372
-2
0
DIMSTYLE
105
89
330
4
100
AcDbSymbolTableRecord
100
AcDbDimStyleTableRecord
2
EZ_CURVED
70
0
40
1.0
41
0.25
42
0.125
43
3.75
44
0.375
45
0.0
46
0.0
47
0.0
48
0.0
49
2.5
140
0.25
141
2.5
142
0.0
143
0.03937007874
144
100.0
145
0.0
146
0.5
147
0.1
148
0.0
69
0
70
0
71
0
72
0
73
0
74
0
75
0
76
0
77
1
78
12
79
2
90
2
170
0
171
3
172
1
173
0
174
0
175
0
176
0
177
0
178
0
179
2
271
2
272
2
273
2
274
3
275
0
276
0
277
2
278
46
279
2
280
0
281
0
282
0
283
0
284
8
285
0
286
0
288
1
289
3
290
0
340
4C
371
-2
372
-2

